L	-0.2318	2.6592	1477010443050000	0.0000	2.7500	0.0000	1.0000
R	3.0907	1.6325	1.0251	1477010443450000	-0.0282	3.1487	-0.1253	0.9921
L	-0.0280	3.8194	1477010443850000	-0.1062	3.5408	-0.2487	0.9686
R	3.9691	1.6306	1.4050	1477010444250000	-0.2327	3.9200	-0.3681	0.9298
L	-0.5880	4.5300	1477010444650000	-0.4058	4.2803	-0.4818	0.8763
R	4.4220	1.7565	0.6385	1477010445050000	-0.6226	4.6162	-0.5878	0.8090
L	-0.9091	4.8993	1477010445450000	-0.8798	4.9222	-0.6845	0.7290
R	5.5987	1.7742	0.9070	1477010445850000	-1.1734	5.1935	-0.7705	0.6374
L	-1.4853	5.3243	1477010446250000	-1.4986	5.4259	-0.8443	0.5358
R	6.0296	1.9032	0.5007	1477010446650000	-1.8504	5.6157	-0.9048	0.4258
L	-2.2706	5.7290	1477010447050000	-2.2232	5.7600	-0.9511	0.3090
R	6.9812	1.9913	-0.0123	1477010447450000	-2.6111	5.8563	-0.9823	0.1874
L	-2.8272	5.9179	1477010447850000	-3.0081	5.9033	-0.9980	0.0628
R	6.4231	2.0991	0.4016	1477010448250000	-3.4078	5.9002	-0.9980	-0.0628
L	-3.8504	5.9564	1477010448650000	-3.8040	5.8470	-0.9823	-0.1874
R	7.1975	2.2054	0.7996	1477010449050000	-4.1904	5.7445	-0.9511	-0.3090
L	-4.3654	5.6888	1477010449450000	-4.5609	5.5945	-0.9048	-0.4258
R	7.2648	2.3070	-0.0148	1477010449850000	-4.9097	5.3991	-0.8443	-0.5358
L	-5.0627	5.1433	1477010450250000	-5.2312	5.1616	-0.7705	-0.6374
R	7.1798	2.4396	-0.2557	1477010450650000	-5.5205	4.8857	-0.6846	-0.7290
L	-5.7158	4.6874	1477010451050000	-5.7729	4.5757	-0.5878	-0.8090
R	7.3456	2.5294	0.3992	1477010451450000	-5.9844	4.2365	-0.4818	-0.8763
L	-6.3037	3.6652	1477010451850000	-6.1517	3.8735	-0.3681	-0.9298
R	6.8348	2.5908	-0.1384	1477010452250000	-6.2723	3.4924	-0.2487	-0.9686
L	-6.3431	3.1288	1477010452650000	-6.3441	3.0991	-0.1253	-0.9921
R	7.1515	2.7382	-0.5386	1477010453050000	-6.3661	2.7000	0.0000	-1.0000
L	-6.4692	2.1972	1477010453450000	-6.3378	2.3013	0.1253	-0.9921
R	6.3059	2.8625	-0.4565	1477010453850000	-6.2599	1.9092	0.2487	-0.9686
L	-6.1812	1.6177	1477010454250000	-6.1333	1.5300	0.3681	-0.9298
R	6.1411	2.9171	-0.9878	1477010454650000	-5.9603	1.1697	0.4817	-0.8763
L	-5.9491	0.8528	1477010455050000	-5.7435	0.8338	0.5878	-0.8090
R	5.9232	3.0976	-0.1673	1477010455450000	-5.4863	0.5278	0.6845	-0.7290
L	-5.2298	-0.0147	1477010455850000	-5.1927	0.2565	0.7705	-0.6374
R	4.8758	3.1525	-0.3826	1477010456250000	-4.8675	0.0241	0.8443	-0.5358
L	-4.7833	-0.0853	1477010456650000	-4.5157	-0.1657	0.9048	-0.4258
R	4.3609	-3.0423	-0.9713	1477010457050000	-4.1429	-0.3100	0.9510	-0.3090
L	-3.7857	-0.5135	1477010457450000	-3.7549	-0.4063	0.9823	-0.1874
R	3.4114	-3.0167	-0.5307	1477010457850000	-3.3580	-0.4533	0.9980	-0.0628
L	-3.0594	-0.5963	1477010458250000	-2.9582	-0.4502	0.9980	0.0628
R	2.5995	-2.9438	-1.1420	1477010458650000	-2.5620	-0.3970	0.9823	0.1874
L	-2.3520	-0.2753	1477010459050000	-2.1757	-0.2945	0.9511	0.3090
R	1.5174	-3.0777	-1.1662	1477010459450000	-1.8052	-0.1445	0.9048	0.4258
L	-1.2592	0.0718	1477010459850000	-1.4564	0.0509	0.8443	0.5358
R	0.6389	2.8431	-1.1153	1477010460250000	-1.1348	0.2884	0.7705	0.6374
L	-0.6333	0.5224	1477010460650000	-0.8456	0.5643	0.6846	0.7289
R	0.8771	2.1412	0.8863	1477010461050000	-0.5932	0.8743	0.5878	0.8090
L	-0.2709	1.1769	1477010461450000	-0.3817	1.2135	0.4818	0.8763
R	1.7008	1.7363	1.0396	1477010461850000	-0.2143	1.5765	0.3682	0.9298
L	-0.2084	1.7527	1477010462250000	-0.0938	1.9576	0.2487	0.9686
R	2.6313	1.6342	1.0429	1477010462650000	-0.0220	2.3509	0.1254	0.9921
L	0.1785	2.7674	1477010463050000	0.0000	2.7500	0.0000	1.0000
R	2.9593	1.5759	1.0741	1477010463450000	0.0157	3.1494	0.0941	0.9956
L	0.1316	3.3236	1477010463850000	0.0813	3.5437	0.2182	0.9759
R	4.4061	1.5392	1.0513	1477010464250000	0.1959	3.9267	0.3388	0.9409
L	0.3809	4.2846	1477010464650000	0.3575	4.2923	0.4540	0.8910
R	5.1157	1.4599	1.0400	1477010465050000	0.5637	4.6348	0.5621	0.8271
L	0.7047	5.1582	1477010465450000	0.8112	4.9487	0.6613	0.7501
R	5.4047	1.4103	0.8223	1477010465850000	1.0960	5.2292	0.7501	0.6613
L	1.3377	5.6452	1477010466250000	1.4138	5.4717	0.8271	0.5621
R	5.9570	1.2516	0.6004	1477010466650000	1.7595	5.6724	0.8910	0.4540
L	2.0623	6.0171	1477010467050000	2.1276	5.8283	0.9409	0.3387
R	6.5282	1.1654	0.8795	1477010467450000	2.5123	5.9368	0.9759	0.2181
L	2.9984	6.1153	1477010467850000	2.9076	5.9962	0.9956	0.0941
R	6.8048	1.0960	0.5717	1477010468250000	3.3072	6.0057	0.9995	-0.0314
L	3.6997	6.1009	1477010468650000	3.7049	5.9649	0.9877	-0.1565
R	7.6464	0.9472	0.8102	1477010469050000	4.0943	5.8747	0.9603	-0.2790
L	4.4105	5.8962	1477010469450000	4.4693	5.7363	0.9177	-0.3972
R	7.6057	0.8875	0.6749	1477010469850000	4.8241	5.5520	0.8607	-0.5091
L	5.0295	5.3942	1477010470250000	5.1529	5.3248	0.7901	-0.6129
R	7.0054	0.7721	-0.1614	1477010470650000	5.4507	5.0581	0.7071	-0.7071
L	5.7425	4.7245	1477010471050000	5.7127	4.7561	0.6129	-0.7902
R	7.3951	0.6671	-0.2965	1477010471450000	5.9347	4.4238	0.5090	-0.8608
L	6.0883	3.9892	1477010471850000	6.1134	4.0662	0.3971	-0.9178
R	7.0860	0.5427	-0.5765	1477010472250000	6.2459	3.6890	0.2790	-0.9603
L	6.4413	3.2583	1477010472650000	6.3300	3.2982	0.1564	-0.9877
R	6.5741	0.4591	-0.2326	1477010473050000	6.3645	2.9000	0.0314	-0.9995
L	6.2140	2.8820	1477010473450000	6.3488	2.5005	-0.0941	-0.9956
R	6.1400	0.2868	-0.6939	1477010473850000	6.2832	2.1062	-0.2182	-0.9759
L	6.2026	1.9399	1477010474250000	6.1686	1.7232	-0.3388	-0.9409
R	6.8419	0.2400	0.1268	1477010474650000	6.0070	1.3576	-0.4540	-0.8910
L	5.7586	0.8563	1477010475050000	5.8008	1.0152	-0.5621	-0.8271
R	5.8115	0.1394	-0.7512	1477010475450000	5.5533	0.7013	-0.6613	-0.7501
L	5.3849	0.2791	1477010475850000	5.2685	0.4208	-0.7501	-0.6613
R	5.3525	0.0447	-1.0339	1477010476250000	4.9507	0.1783	-0.8271	-0.5621
L	4.6712	0.0506	1477010476650000	4.6050	-0.0225	-0.8910	-0.4540
R	4.0249	-0.0352	-1.6709	1477010477050000	4.2369	-0.1783	-0.9409	-0.3387
L	3.8997	-0.2285	1477010477450000	3.8522	-0.2868	-0.9759	-0.2181
R	3.3084	-0.0923	-0.9862	1477010477850000	3.4569	-0.3463	-0.9956	-0.0941
L	2.9712	-0.4391	1477010478250000	3.0573	-0.3557	-0.9995	0.0314
R	2.6307	-0.1610	-1.1022	1477010478650000	2.6596	-0.3149	-0.9877	0.1564
L	2.2734	-0.2646	1477010479050000	2.2702	-0.2247	-0.9603	0.2790
R	2.3184	-0.0404	-0.9958	1477010479450000	1.8952	-0.0863	-0.9178	0.3971
L	1.4055	-0.0166	1477010479850000	1.5404	0.0979	-0.8607	0.5090
R	1.1549	0.2195	-0.5894	1477010480250000	1.2116	0.3252	-0.7902	0.6129
L	0.7469	0.6459	1477010480650000	0.9138	0.5919	-0.7071	0.7071
R	1.1011	0.9567	0.2288	1477010481050000	0.6518	0.8938	-0.6129	0.7902
L	0.5883	1.0358	1477010481450000	0.4297	1.2262	-0.5090	0.8607
R	1.7398	1.3844	0.8759	1477010481850000	0.2511	1.5838	-0.3971	0.9178
L	0.1948	1.8764	1477010482250000	0.1186	1.9610	-0.2790	0.9603
R	2.3289	1.5438	1.4068	1477010482650000	0.0345	2.3517	-0.1564	0.9877
L	-0.0290	2.7678	1477010483050000	0.0000	2.7500	-0.0314	0.9995
