-0.2318	2.6592	0	0	-0.2318	2.6592	0	2.75	0	1
-4.82313	5.15294	-10.8851	0.163362	-0.190587	3.08482	-0.0282	3.1487	-0.1253	0.9921
-0.225932	4.07734	12.2898	-1.80792	-0.028	3.8194	-0.1062	3.5408	-0.2487	0.9686
1.20333	7.09279	4.19569	9.12858	-0.237225	3.962	-0.2327	3.92	-0.3681	0.9298
0.0698043	5.13828	-4.67379	-3.79477	-0.588	4.53	-0.4058	4.2803	-0.4818	0.8763
-7.62481	1.06704	-16.7595	-17.748	-0.81647	4.34597	-0.6226	4.6162	-0.5878	0.809
-2.33156	3.83639	18.4555	8.51852	-0.9091	4.8993	-0.8798	4.9222	-0.6845	0.729
-1.30372	8.12073	0.4577	9.31706	-1.13096	5.48328	-1.1734	5.1935	-0.7705	0.6374
-1.11882	5.98228	-2.37636	-4.15494	-1.4853	5.3243	-1.4986	5.4259	-0.8443	0.5358
-9.95078	2.01573	-19.8532	-17.6495	-1.96756	5.69954	-1.8504	5.6157	-0.9048	0.4258
-3.75964	4.7415	18.9341	7.63802	-2.2706	5.729	-2.2232	5.76	-0.9511	0.309
-2.32456	9.02459	2.01541	9.85054	-2.84987	6.37302	-2.6111	5.8563	-0.9823	0.1874
-2.33075	6.71876	-3.705	-4.9114	-2.8272	5.9179	-3.0081	5.9033	-0.998	0.0628
-12.5851	-1.20074	-20.6755	-28.7976	-3.23769	5.5474	-3.4078	5.9002	-0.998	-0.0628
-5.30592	4.56898	19.0138	12.4777	-3.8504	5.9564	-3.804	5.847	-0.9823	-0.1874
-4.27346	9.08942	1.35797	10.7976	-4.2671	5.7962	-4.1904	5.7445	-0.9511	-0.309
-3.92921	6.67323	-3.54966	-6.09559	-4.3654	5.6888	-4.5609	5.5945	-0.9048	-0.4258
-13.6031	-5.04987	-15.9258	-38.4916	-4.87816	5.38338	-4.9097	5.3991	-0.8443	-0.5358
-6.36678	3.40359	18.3715	16.6345	-5.0627	5.1433	-5.2312	5.1616	-0.7705	-0.6374
-6.31676	8.47583	-1.19045	11.7538	-5.48219	4.63629	-5.5205	4.8857	-0.6846	-0.729
-5.42442	5.7837	-2.81296	-7.18635	-5.7158	4.6874	-5.7729	4.5757	-0.5878	-0.809
-12.6124	-9.70014	-6.86857	-46.2919	-6.01157	4.22125	-5.9844	4.2365	-0.4818	-0.8763
-7.25595	1.51901	14.7961	21.9659	-6.3037	3.6652	-6.1517	3.8735	-0.3681	-0.9298
-19.4504	15.62	-34.6246	43.3968	-5.824	3.57708	-6.2723	3.4924	-0.2487	-0.9686
-7.08575	6.88164	7.21651	-24.4531	-6.3431	3.1288	-6.3441	3.0991	-0.1253	-0.9921
2.9826	-7.31044	46.1926	-23.363	-6.57748	2.80726	-6.3661	2.7	0	-1
-4.56574	-0.318314	-16.757	29.7689	-6.4692	2.1972	-6.3378	2.3013	0.1253	-0.9921
-31.037	-1.30099	-69.8811	-5.00646	-6.0619	1.73717	-6.2599	1.9092	0.2487	-0.9686
-10.0341	4.21592	30.0011	-14.091	-6.1812	1.6177	-6.1333	1.53	0.3681	-0.9298
5.33339	4.2195	28.1621	8.94113	-5.987	1.36708	-5.9603	1.1697	0.4817	-0.8763
-2.53087	1.53327	-32.428	-16.2149	-5.9491	0.8528	-5.7435	0.8338	0.5878	-0.809
-9.03321	-27.9284	-6.58878	-74.9329	-5.91747	0.260493	-5.4863	0.5278	0.6845	-0.729
-8.73256	-3.38835	20.9248	33.614	-5.2298	-0.0147	-5.1927	0.2565	0.7705	-0.6374
-1.56113	12.2971	17.8237	36.2219	-4.87551	-0.0531806	-4.8675	0.0241	0.8443	-0.5358
-2.9295	3.98211	-19.0075	-27.2663	-4.7833	-0.0853	-4.5157	-0.1657	0.9048	-0.4258
-27.4316	9.14062	-69.6847	13.2315	-4.33942	-0.432294	-4.1429	-0.31	0.951	-0.309
-7.8962	-1.95648	31.2841	0.591245	-3.7857	-0.5135	-3.7549	-0.4063	0.9823	-0.1874
5.99842	-15.7107	44.7468	-40.6015	-3.38483	-0.424952	-3.358	-0.4533	0.998	-0.0628
0.841998	-3.13866	-17.9836	23.6066	-3.0594	-0.5963	-2.9582	-0.4502	0.998	0.0628
7.92605	19.5776	24.6459	54.1615	-2.54882	-0.510816	-2.562	-0.397	0.9823	0.1874
-2.44529	3.7072	-11.9548	-36.5804	-2.352	-0.2753	-2.1757	-0.2945	0.9511	0.309
-28.6132	-0.914226	-73.1029	-15.1201	-1.5143	-0.0968849	-1.8052	-0.1445	0.9048	0.4258
-4.84758	-3.29464	31.4612	16.0362	-1.2592	0.0718	-1.4564	0.0509	0.8443	0.5358
-7.55516	13.9768	-21.4739	40.6981	-0.610648	0.187888	-1.1348	0.2884	0.7705	0.6374
-1.60605	2.31263	10.1955	-19.9655	-0.6333	0.5224	-0.8456	0.5643	0.6846	0.7289
13.0734	-1.1326	38.0151	-6.34249	-0.473609	0.73824	-0.5932	0.8743	0.5878	0.809
2.5965	-0.435922	-28.2387	6.41258	-0.2709	1.1769	-0.3817	1.2135	0.4818	0.8763
-12.2062	-9.21101	-36.4151	-24.3264	-0.280205	1.67756	-0.2143	1.5765	0.3682	0.9298
-3.85603	1.05345	24.829	15.361	-0.2084	1.7527	-0.0938	1.9576	0.2487	0.9686
-2.38733	6.17706	-0.216997	9.76081	-0.166722	2.62601	-0.022	2.3509	0.1254	0.9921
0.222254	3.30518	3.90834	-4.84543	0.1785	2.7674	0	2.75	0	1
1.66348	3.76182	5.39258	3.00261	-0.0151031	2.95926	0.0157	3.1494	0.0941	0.9956
0.710338	3.55808	-3.94095	-0.0371687	0.1316	3.3236	0.0813	3.5437	0.2182	0.9759
-6.13995	3.26296	-16.5899	-6.53527	0.139194	4.4039	0.1959	3.9267	0.3388	0.9409
-1.10627	4.00277	18.4506	2.34614	0.3809	4.2846	0.3575	4.2923	0.454	0.891
1.03399	7.47616	3.26121	8.1607	0.56615	5.08428	0.5637	4.6348	0.5621	0.8271
1.1283	5.63874	-1.61186	-3.04636	0.7047	5.1582	0.8112	4.9487	0.6613	0.7501
0.801343	5.45702	-0.651968	0.764474	0.863715	5.33524	1.096	5.2292	0.7501	0.6613
1.2589	5.66196	1.3502	0.455097	1.3377	5.6452	1.4138	5.4717	0.8271	0.5621
1.87275	5.71135	1.55406	0.123192	1.86933	5.6561	1.7595	5.6724	0.891	0.454
2.09423	5.98942	0.576193	0.709911	2.0623	6.0171	2.1276	5.8283	0.9409	0.3387
2.57207	6.1139	1.28959	0.417045	2.57461	5.99906	2.5123	5.9368	0.9759	0.2181
3.01073	6.14247	1.07861	0.021369	2.9984	6.1153	2.9076	5.9962	0.9956	0.0941
3.21996	6.17589	0.600183	0.297757	3.11086	6.05209	3.3072	6.0057	0.9995	-0.0314
3.68471	6.11788	1.11438	-0.128555	3.6997	6.1009	3.7049	5.9649	0.9877	-0.1565
4.35204	6.11702	1.62495	-0.11694	4.46518	6.20722	4.0943	5.8747	0.9603	-0.279
4.47721	5.94422	0.277205	-0.581154	4.4105	5.8962	4.4693	5.7363	0.9177	-0.3972
4.78991	5.89774	0.936329	0.0634467	4.80188	5.89819	4.8241	5.552	0.8607	-0.5091
5.06756	5.46488	0.56371	-1.1554	5.0295	5.3942	5.1529	5.3248	0.7901	-0.6129
5.18455	5.01687	0.530677	-0.874364	5.019	4.88726	5.4507	5.0581	0.7071	-0.7071
5.69831	4.70272	1.33374	-0.710309	5.7425	4.7245	5.7127	4.7561	0.6129	-0.7902
5.84354	4.53082	0.124816	-0.524568	5.80973	4.57542	5.9347	4.4238	0.509	-0.8608
6.07679	4.0119	0.532798	-1.22442	6.0883	3.9892	6.1134	4.0662	0.3971	-0.9178
6.0924	3.63432	-0.0652842	-0.95961	6.06786	3.65956	6.2459	3.689	0.279	-0.9603
6.38802	3.24398	0.819246	-0.917297	6.4413	3.2583	6.33	3.2982	0.1564	-0.9877
6.23424	3.02229	-0.117072	-0.374162	5.89336	2.91326	6.3645	2.9	0.0314	-0.9995
6.20978	2.88044	-0.0533355	-0.352473	6.214	2.882	6.3488	2.5005	-0.0941	-0.9956
6.18197	1.91992	0.214814	-2.42944	5.88921	1.73691	6.2832	2.1062	-0.2182	-0.9759
6.18093	1.85605	0.129359	-0.229978	6.2026	1.9399	6.1686	1.7232	-0.3388	-0.9409
6.43393	1.61498	0.38367	-0.710365	6.6458	1.62634	6.007	1.3576	-0.454	-0.891
5.89625	0.912655	-1.60483	-1.79893	5.7586	0.8563	5.8008	1.0152	-0.5621	-0.8271
5.63772	0.694457	-0.574215	-0.453124	5.75513	0.807502	5.5533	0.7013	-0.6613	-0.7501
5.38796	0.2998	-0.623762	-1.01054	5.3849	0.2791	5.2685	0.4208	-0.7501	-0.6613
7.08359	0.11048	-0.598693	-0.326618	5.34715	0.239177	4.9507	0.1783	-0.8271	-0.5621
5.01782	0.0345233	-5.77973	-0.0760579	4.6712	0.0506	4.605	-0.0225	-0.891	-0.454
3.92219	-0.0907757	-1.80826	-0.327627	4.02241	-0.141647	4.2369	-0.1783	-0.9409	-0.3387
3.78778	-0.227639	-0.136296	-0.347961	3.8997	-0.2285	3.8522	-0.2868	-0.9759	-0.2181
4.82635	-0.793869	-0.582808	-1.14147	3.29432	-0.304932	3.4569	-0.3463	-0.9956	-0.0941
3.23396	-0.537486	-4.43868	0.970946	2.9712	-0.4391	3.0573	-0.3557	-0.9995	0.0314
2.29259	-0.473583	-4.98376	0.390129	2.59668	-0.421715	2.6596	-0.3149	-0.9877	0.1564
1.95852	-0.268555	-0.256517	0.681425	2.2734	-0.2646	2.2702	-0.2247	-0.9603	0.279
1.91755	-0.0754219	-0.826741	0.468879	2.31651	-0.0936379	1.8952	-0.0863	-0.9178	0.3971
1.43461	0.000743822	-1.26	0.0897926	1.4055	-0.0166	1.5404	0.0979	-0.8607	0.509
1.12062	0.211426	-0.655015	0.555151	1.12719	0.25147	1.2116	0.3252	-0.7902	0.6129
0.764542	0.616091	-0.926739	1.19991	0.7469	0.6459	0.9138	0.5919	-0.7071	0.7071
0.665789	0.93032	-0.220005	0.699578	0.634476	0.899923	0.6518	0.8938	-0.6129	0.7902
0.587654	1.0634	-0.152042	0.267221	0.5883	1.0358	0.4297	1.2262	-0.509	0.8607
0.370192	1.55665	-0.607318	1.19415	0.322418	1.70966	0.2511	1.5838	-0.3971	0.9178
0.186464	1.90054	-0.375823	0.785774	0.1948	1.8764	0.1186	1.961	-0.279	0.9603
0.0616469	2.36599	-0.303659	1.37984	0.0628641	2.32805	0.0345	2.3517	-0.1564	0.9877
-0.0330742	2.79181	-0.212194	1.02104	-0.029	2.7678	0	2.75	-0.0314	0.9995
